596 001011.

Diana (Illyrici) 88 8 1111000189 12
Dianae (Siciliae) 40218, Dina civ. 172 9, ’869 61

(1496 1 11100 (1588 15
910010010011001100) 880 10, Dina fl. 212 15; 01110011.
(1542 12 Dine 01. Dina civ.
Diarpa 71 14 Dinium cf. Dionio
Dibalon prov. 68 18 Dinogessia 178 17
Dibialimcn 287 19 dinoscitur 28 10, 80 18,
Dicdica 656 43 DidiccaG 66 4, 168 8, 174 8,
5222 80218, 485 21 01. di·
Diceornm colonia 889 18 gnoscitur
Diccra ins. 408 17 1110 01. 1110010
Diciana 808 1; 11001000 Diodo (1541 20
841 10 Diomedes G465 8
111010896 17 1110000110 288 8
111010οἰ0 8988 1110οἰ0 804 18; 11101001
111010000522 2, Dicdica (1515 63 1111084216
858 4 11100101001001000 (1486 5
Didima 68 11 111001000011018110, 8712
Didimi ins. 406 10 11100100οἰ00. 896 1
1110101005916 Dionoristano 100. 890 21 .
Didraa ins. 408 10 1110100 184 8
dietam 21 8 11100 59 18, 128 1
Digeren 80 11 1110111010 54 4
dignoscitur 18 1, 888 4, Diovia 271 7, (1476 22
418 8, (146819, 501 1111001110οι 01. Dyrachium
14, 552 1; 01. dinoscitur 11111001 01. 11111001
diluvii 1000110 (1494 18 1111100 47 20
111100110οε 01. 1110111100 Dirium (1467 5; 11111010
1111011100 (India) 40 6. 83 2617, Dixium 829 2ς
Dimiricac 44 4, 4514, 01. Barium 01 1100000110
114 7, 415 010121ος 1110100 852 5, (1521 12;
1111011100101419,41812; 111010 140 9
Dimiricc 14 8; 111100110οε 1110100 49 20
215, (15472 Distrctc 1110. 4092
Dimis (Achaiae) 877 5, Dium 374 6, (1586 171
400 7, (1589 1 1110100 195 4
1111010 (Thraciae) 01. Dymis 1111000 01. Dium
Dimi'trio civ. 112 11 Divi Iulii (Foro) 248 15
1110110100 (1586 6 111110 (1497 7
Dimiza 65 11 Divina 44 19

 

