mnmx.

3555155515 344 2, 0516 1, 35111515 8612
Sabesola 305 8, Sabes- 3551 163 14
5515 0516 1 351153555515270 6, 888 2;
35555155 261 2, 328 10, Vatis 65555515 0476 7,
(3515155) 0464 1; (35- 512 23
ruldes) 0506 13 355515 79 18
Baria 848 93 1151115305 23 35551555 (Orido) 209 12
Varia 0515 15 35515555 48 4
3551155279 12; 3551θο483 Bautica (Duria) fl. 288 15
12 Bauvuriis 292 12
Baris (Sibaris) 0465 20, 355515 231 10
485 15, 506 18 Bdora 11. 438 5
Barium 261 5, 328 13; 35511155 ins· 4443
(Monopons) G 555 5505555115 554 5
51. Dirium Becillum 272 4, vexillum
Barna 80 3 0477 12
355555 222 14 Beclano 206 3
Barpsis 54 7 Bedini 217 9
351115 305 2, Barla 343 9; 3515515 272 15, 0477 23,
1751150515 15 ¹ 4924
35151555 prov. 68 3 [Begesse 435 6
Barsuuli 163 16 135155 cf. Boium
Batuldes, Batulos 51. Bar· Beium 0478 20, 35155
dulos 274 7
35555555 135 18 ,3515155 61 14
3555511155 fl. 0470 11; Β5-ῑΒ51511ἰ 309 16
515155 0470 13 35155115 312 1
Basgidas 169 12 Belegla 318 7
Basileus fl. 394 3 Belfagonia 99 10
Basilidin ins. 406 12 351115 44 17
Basilius 13 6 35151510511151226 11313e1-
Basintos 11. G47013; Ba· gione (05111551 324 163
sentius 0470 11 351ς15515105111551) 236 8,
35555565 2151 225 6, 41713
Bassarinon 174 6 Belisarium 818 7, 5 3511-
35551551521416 sario 8 18, 1623
3555555115 68 17 3511515155 0458 43 35115-
Bata (Macedoniae) 51. 3555 nica 251 14
Bata (Syriae) 87 9 1551115111551155) 0475 1;
35511155 131 10 351115 0511 18; 351115
3515555615 145 16 268 8, 8866

 

