,648 7774477.

1117144 101 43 1111171446 114τί744441. Lerimus
531 1; 11777144 367 3 114717447447 97 10
Roboris (1480 10 744 1474414741774 11 14
Rodacis 311 15 1144417774 (1515 18; 1144414
1141444411141 11; -Lau- 358 8
44444414141 67 11471444 Rosolotisoo 99 5
1417, Rodanum 11. 137 6 Rotaroto 41, Butaroton
114114ςί4197 11 Rotas 180 1, (1483 15
Rodos ins. 394 16 Roxolanis 199 16
1147474174 9, 83413, GRoxolsnorum putria 19 8,
474 74, 474 44, 474 7, 774 5; -patriam 421
48119, 4941, 504 6, 18; -regionis 175 153
510 17; 1147444 (1466 5, 1144414444314 10, 417 6,
469 16; 11474474176 16, (1551 14
179 7, 180 9, 184 6, Rubsu [Mauritania] 153 10
1854, (1480 17, 4811, Rubos 181 113 Bubus G
483 7, 4841, 48714, 485 17
488 8, 4917, 50310, 1177174169 5, 337 1, G
5401617 47514, 5115
1147444474 6534 19 Rubras 156 9
11474774 11774414 149 3 1177571471 307 11
Romani 3 3; Romanorum Rubricutss ins. 408 15
444441 (1464 103 -con· Rubricatum 304 3; Lubri·
sule G501 163 -oonsu- cutum 341 1ος Laubri-
libus (1540 9; - 444- satum 6514 15
mogruphum 110 1; -. 84144441410774147114141115,
4774741144 (1467 10, - (150013
geus17143 -imperstor Rubrum 47474 515, 5017,

311; -philosophum 603, 11916, 39018; ’

136 183 -philosophos Rubri 744714 165 15, (1

17111, 1807, 186 5, 5498

19316, 10511, 1143, Rubus (1485177 Rubos

13615, 14614, 30187 181 11

..sapientissimi 31 6; Ro· Ruoiuium 108 9

744444645011 1144467468 19, 5075
1144744414774191 15 Ruginio 4111471444
«1147444171 (1467 16 Rugium 131 16
1144414110 15 Ruguuise of. Rusguniae
Romulus 183 18 Ruiguo cf. Rovingo
1144444471471 17 117747 67 8
114744714 178 19 1177474174 434 18

 

