ΜΒ mnu.

(11111111. 406 16 Ι 14617, 19610, 801
(1111111111 1977 11; -6111110554 17;
Gilpit fl. 204 16 (1111111119 16
(1111111111 prov. 66 6 1011111111. Gothos
Gimmdros 11. 11 1 {Gom (111111 mmor) 11 11
1111111111 111 1 {maome 111 11
1111111111 1, 11111 Ι(111111111111111
1111111111 1 1111111111. 111 1, Gne:
(11111111850 15; (1111111111 (1489 16

(1510 111 (11111111141 1](1111111111111111111 (1498 151
girans 87 11; 11111129, (11111111111111111190 9;

1487, 4189 -1111111111911ος-ρ1·
(1111114141 (1111185010 11111811ος ...philoso-
(1111111111 1762 1111117015ς -philo-
(1111111111 1111111191 11, 1981;
gladius versatilis 17 21 1 -philosophi9 10, 428
(1111611111113088 ς 1ος -1111111111111119114,
Glebon colonia 4117 11 ἑ 1111111111, 1111,
(1111111111 878 9; 8111111111 (1Ι 198 14, 200 4

58918 Ι(11111250 5, (1457 8
(1111111111) 285 8; Foro·grnlntium (1465 14

Flogdis (1488 10 ,Grumum 71 22
(11111111110610 ’ (1111111111. (11111111 ·
(1111118115 'grandis eremus 6 4, 80 61
(1111111114131111111 ἶ grande 11111111 118 18ς
(1111118974 ι grandis 1111111 118 12·
111111 44 11 munga 11 1
Gonia 184 11, 854 14; (1111111111 868 7; (1111111111

8111165181 “ (16298

(11161111 81 1 1011111111 875 1, (1537 91
Gorgona 111. 418 15 (11111111 198 11
(1111111111 181 1 (1111111111. Grannona

(1111111872 7, (158414 gratis (1111 18

Gothus 101 4; Gothorum (1111111616
philosophus 101 7, 111 (11111111 167 6, 885 5,
11, (1554 1; ...11111 (14746, 5111
11111111119 9, 11111,Ι(11111 (1489 16; (1111111
11111,11111,11111;1 1111
-11111111111111101 17, (1554 ’ Gregorius 159 8
11; -11111111111111108 1, Greron 195 17
114 5, 116 15, 180 7,;(1111111Ι. 194 17

 

