670 1116611.

11511111.(Νιι611(1.) 152 18 Uria 315 17

11511611. (Μ66111.) 164 19 111166 283 16; 01166 (1486
11611511 61 21 17

11661161666 129 13 Urion (Bithyniae) 364 13
Ugenou 241 15 16166 (1529 21; 611616
Ugemon 238 3 Urion (Spaniae) 317 16

Uglum 3174 Ursaria 166. 409 9
Ugrulentum 435 21 Usar fl. 158 1
Ugueste 4368 116116 350 1, (1520 4;
1111611. 299 4 Hesilu 141 10
ulvam 416 1 1161656116616 46 5
Umugum (1460 6. 25; 61. Usum 219 15
Humagum 116616661847
umbilicum (1456 4 11611616 61. Ubus civ.
Umbria prov. (1504 9 1116161161 212 14
1111151166 287 3; Umbrium 111611116136161116
(1489 18 Uthumas 145 20
Umbro 286 7; Umbron G 111166 142 14, 147 8,
4895 34811, (1518 24
111651666 268 2, 335 17; Uticensis Catonis (1450 10
1161516116 (1474 17, G 11111666166061661161616428
undosus fluvius 175 9 1116161116 (1509 23; 61. Li·
Ungaui (Albis) 213 5 ternum
Ungula G493 3 lUxama 311 4
Uni 202 14; 11661166 gens Uxela 433 18
28 9 Uxelis 424 18
1161666 (Musam) 209 6 11116116661116 433 1
Unites prov. 63 2
universitatis opifex 4 5
Uuorum 61. Uni Vacum 72 22
11611666 239 12 Vadis 1616116611 336 4, (1
Unuca 146 1 511 16; Badis 1616116616
11156616 277 9, (148111 268 6, 166111611161611
Urbem (Romam) 11455 18 (1474 22
111561616611488 193 Orbe· 1636161634 17
velus 285 17 1615651463 3; 3615625911
Urbs Salvia (1493 1 1611666166111116161410 9
1111166116 241 7 16166116 166161 166. 414 12
Urgapa 316 17 16166116 161661166. 414 15
Urgum 178 6 16166116(Βυτςυ66166)239 11

 

