rnnax. 387

(11111111 332 01 Cesernia Cetraria 303 13, 344 7,

(1308 241 011111111364 (13160

10, (147123 01111111139128
011111111. 01111111 (1111111136 14
01111111111. 330 12 Chadas 74 9
11111111111 398 131 11111- (11111131 9

niseum899 41 11111111111 (1111111111. 89 20

40141 111111111139319, Chalcedon 112 131 011111-

400 14 (111363 16, (1329 13
(11111117810, 1884 (111111111111111113310
(111111111111. 33 13 chalcidam 74 13
0111111111 210 14 01111111111.(1111111111
Certisnassa 11. 138 8 Chaldaeorum patria 90 121,
Carus ins. 898 3 - terra 38 1
Carasa 198 111 Creusa Chaldia 1014

377 12 Chala 121 8
Cerva 139 17 Challis 123 13
Cervaria ins. 409 10 0111111111 prov. 31 12
01111111117111111) 1496 01111 33 13, 110 17,
Cesar (Aetius) (1340 32 117 7, 163 2. 11. 17,
(111111113101 160 412, 1073, 887
0111111111. Caesarea 1.11‚ 3882
Cesarea Augustam ef. Cae· Chare 80 3, 127 0

1111111111 0111111111 76 6, (1332 111
(1111111 (Praetorianum) C (1111111111 307 11

342 16 0111111111 1. 78 181 11.(11-
Cesernia (1308 241 Carsania 1111111

802 01 (111111111204 10, (1111111111 218 7

(1471 20 ⁴ Charra 67 4
(1111111273 1, (1473 1 Chartingine cf. cetego
Cesinsa 143 12 (111111 81 10
cespitibus 3 22 0111111116810, 013333
(11111102 3, 307 2, (1 01111111111168131 Cha·

3321 ⁴ 1111110318, (13326
(111111111264 10, (1471331 Che 124 3

01111111332 61 Cesernia 011311132 16

(1303 24 Chelas 3047, (130031
(111142 10 (111111139 13
0111112010 Chele 377101 Lache 400
Getis 42 16 12
0111111111800 18 (11111011111111. 334 13

 

