658 1001111.

8010000001 340 6, Solarium 80000 48 1
9445, (151313 80000011091611

, Solarium 01. 8010110011οι 800010 9 9, 3019 (1110),
8011100010 149 14 30914, 307 8, 30818,

80100 cf. Soloe (Ciliciae) 316 9, 31917, 3991,

8010010 ine. 408 4, falia 81013, 80001008 19,
4089 1675, 319 5, 3144,

8010011000 regionem (1509 3943, 414 8, 443 5.
18 10, 80001001301 517,

0010111001011111149, 119 3919, 393 9, 34419,

8011 79 6 418 6, ef. Η1000010 et

Solia fl. 405 90 100001001

8011000 47 1 80001000 (Oceanus) (1555 5,

801101 933 3 8000101395 3

8010010100 cf. 8010000100 Spanogueeeonie 993 817,

801000010010114,801001- 4185, 800000000000100
0100 366 14, 80100100 399 3, 8000000000001001
000100 0001010, 0001011,

801001001010019911, 3593, 800000011000001010 (1555
80100 (1596 1 10

80100 (Cypri) 393 13 Spanogueeeoniacuefflceanus)

8001000000 75 14 (1555 4, 800000000000101

80010 cf. Gonia 395 9

8001010 915 13 800001000011108 17, 3091

sophiae cultibus (1519 5 Spartaria cf. Cartago

8010 975 7, Sura (147917 800111100 191 8

8015001 9999 800010000100 53 7, falia

8010010915 7 54 16

Sorores 319 15 spatiosissime patriae 7 5,

8000010 01. 80000010 spatiosissimum desertum

Sostrate (Indiae) 59 17 7 1

80011010 [Persidis] 44 90 80000100198 5

801100 79 4 Speculum 159 15

80111000. 405 5 80011001 (1499 11

8000010 139 5 Spelunca (1101100) (1506 95,

8001011100 (1549 11, 800· Speluncae (1407 9, 800-
10111100909 8, 8001011101 1000009619, 3994
330 9 Speluncas (Africae) 359 13,

8001011000, spalatrum ef. (159190
8001011100 80000011τί0 139 17

800000110’195 16 8001101001 917 8

 

