1551111. 647

scissum 6495 31 Regii Ribingium 51. Revingo
1151515 6454 91 Regio 3111151511 238 6

38 15, 645416, 51891 315155 269 15, 387 12,
3531515115880 91 Regio 647611 3551155 6512
1111155511, 5555115- 16

. 1151511526811 Ridder 6542 201 Rider
Regium (Thraciae) 182 5, 880 18

872 4, 6534 21 Rider 51. 3151151
regma 6495 4 31115 51. 3555
35155155. 395 13 Rigiensis 1311155) 248 9
351155 114 16 Rigilinus 23 7
151511151555295 4 Rigomacum 51. Rigomagus
reliquimus designandum 442 (Italiae)

12 Rigomagus (Italiae) 250 151
Remigium 51. Revingo Rigomaoum 6457 12
35151515 215 17 Rigomagus (ad 3555111) 227
remorata est 28 5 12
Remotodion 199 5 Rimphaeis montibus 115 191
35555 fl. 228 10.14.161 Rimphaeosmonteell417,

Renum fl. 2274, 228 9, 1159, 1687, 82891

280 19 Ripheosmontea 654711,
Repetiniana 157 1 548 6, 55018, 55120
3515155515512814, 20161 31555515 (Francia) 226 101

Rerifenorum 6558 171 3155115551 283 141 31-

3515155555824121 Re· nense 2335

1515155 417 81 3515555 315555155131511551515)2299

6558 6 31555515155 116 181 3155-
3555155 79 15 55151511 6524 10131115-
155511516468 18 . 551555516611 315555-
responditur 16 6 roreu 6549 111 3111555-
35115555645810 15155856 8, 8885
15115 redeam 6503 17 Rinubio 222 22
3511511 fl. 1355555151 290 10 Ripariolum Lineneia 6504 10
15555115515555555515 16 5 311155 nigras 160 10
Revingo 382 31 Remigium Ripheos 1555155 51311511115515

6548 181 Ribingium G Rippem 51. Ypion

460 9. 281 Ruginio 256 315222 1

121 Ruigno 255 14, 31551155 891

25612 31111155 6582 21 3151511
3515156512 101 Boxum 10241 355155 8673

2699, 8376, 647518 3151515 282 21

 

