6³2 00000.

1110015010 41 8 000 diu proc'ul 6545 4
0101000 nonnisi? 17 2 000 existant excultae 442 5
Nisibi 70 12 nonpermittiturnavigarissss
Nisiris ins. 408 18 Nora praesidium 412 0, G
111010 fl. 119 1 500 14
111εο0105 11 110050 280 0, (14864
11ίο0001000 01. 1100011000 11οο0000000οω00 (1554 1ος
1110οο0 865 Nordomanorum 202 6;
1110101000 417 16 Northomanorum 27 21
1110000 400 17, 6407 12 11000001000100100. 422 12
1111000010 eremus 6 4, 110 110015000000000 01. 110010-
14, 110 61 11110100 000- 0000000000
mum (1540 0 110νο6484 6ς110510280 14
1111010001.1111000010 Nova (civitas) 6488 83 ci- '
Nivergi 051 10, (1521 63 01100 110νο285 6
1100001 140 12 Nova ef. Ad novas (prope
110500 6400 8 Subcossm)
110500 (spaniae) 0004 110νο castrum 160 5
11050011011001110001001187 7, Novacum 56 17
1105001101ὶοοω 189 10 110νο10 140 8
Nobis (1100001οο 01000010) 11000010 01. Novaria
204 5 Novaria (1456 12; 11000010
11051οι018000100) 015 10 252 6 ,
110510 280 innovamus 110000 (Dalmat.) 210 101
1100600 226 4 alia 211 21
1100100οἰ0 015 12 110νο0 (Moesiae) 100 16
110οο100 124 9 Novata 56 18
11000011. 78 12 11000010227 17
110040 4, 11617, 1682, 11001011. 408 20
08615, 08710 110010000017016
11001010100. 440 1 Noviomagus 426 8
11001000 050 11, 65220 Novis aquis 152 2
110110 228 0 1100111011. 408 6
1101027714, (14825 1105042710
11010010 (1407 5 1100000000 01. 1100100000
Nomentana 270 0; Humen- Nuceria 0000100110 277 15,
tum (1480 9 (14826, 1100001000214,
1100010001 220 16 (1500 7
nominatim 04 7 Nuceria (0000011) (1480 12;
nominatissimus civitates 420 1100000100 276 10
10 1100000100061100001010010011)

 

