8111111111 11 1811111111116911, 86811
8111111111 97 8 11. 8181111111Ιί1 11811111-
8111111111111 117 15 topoli
8118111111111 18811111111111111111 811111111151 18
Serdica 191 10 Severianum (11111811511111)
8111111110 181 11 (1187 1
Sentis 181 5 Sexta (1489 7
8111181719 ,81111111111840181 811-
8111111111101111111111 (1517 9 · 1111111111 (1518 181 8111111-
811111 (1111111111 (1186 11 tione 145 9
811111111111115 15.16.19,«8111ἰ11158 13, (1161 18,
1111, 11111 1111111 1111, 1111111111
1111 11111111111111, 1111,
111111111111111111111111) G (1819 11
187 8 Sextus 11 811111
81111111’ 1111. 896 5 Ι81111111(1111111110111111 68 17
Sericus Oceanus 415 173 81111111 (Baris) (1465 10,
11111111111111 1 1111, 11111, 111111
81111111 111 5 i 8181118166 4
81111111 117 16 ’8181111181111111 (1161 1;
8111111116 18 cf. Siparis
8111111111 99 7 81811111. Sibrium
81111806 6 81111111 897 8
Serra 1111111 71 19 *Sibrium 151 71 815111 (1
serr-ninom 11 ζ 11111
Serum 1111. 891 19 [Sibrorum 1111. 106 17
8111111178 1; Arsen· G 811181... 148 11
478 1 81111 101 11
81111 186 9 81111 110 18
Sestantione 1881111111111111 ¹Sichinus 80 9
Sestos 871 1ος 1111111111 Sicilia 1111. 101 6, 106 8,
11, (11111 111111111111111111
811151 813 1, (1815 83 81181111168 5, 1941,
8111111111 8019 4051, (145110, 1711,
8111111111 ci. setabi 507 18
8111111 (1511 11; 8111111111 81111151 146 1 ,
811 16, 1111111016 ‚Sieion 3179, (1589 10·
Seustatio 8186 1 811111110011
81111111 1117 1811111117 8, 98011, (1
Sevantopoli 76 113 01. Sti-i 511 143 Siclisi 109 10
bastoboiis 11 8111111111 ,8111111 11. 811111

 

