674 11011.

Zoro 54 10 'Zeugma 86 10
20100101 01. Ypono 1211110111 232 6
2111011172 11 1110115151 11
Zaronavus 87 10 1111101511 2101110510

21111101. Zau 23; 2111 162 13
20135912120111110522 10 2101101111 170 7
201100352121 2111000521 Zidion 208 12; Assidium
19 379 10, (1542 1
201111 67 7 2111 of. 210111
2010 97 8 2111111 101 6
20101111 of. Ypono 21111 72 17
2011111101 (Ciliciae) 02 9, 2110141 3; 7110250 11
350 2, (1525 25 0211006406
1101110511011) 0551 11; 1111051 151 11
zephirium 366 6 211102042 ,
Zephirium 01. Zephirion 2000111 0111101111
(Ponti) Zotozeta 49 13
Zephyw. minos ins. 306 7 1010100 itinero 23 10
20100110 66 20 211511 165 1
2010010 400 Zures 01521 193 201100

“ Zerdotalia 430 7 352 12

 

