590 10011.

01000010 0519 14; Clipeis 00100101000000100. 69 9
1493, 3497 00110038 6.10.14...; 001-

001000010010001 sum 37 16. 91. 93, 90

Cnidum 361 13 000100 0 16...; 01. 00100ος 00110
597 9; 0010010010 105 8 38911, 39016...;001·

000001100οτἰο 998 4 100 37 , 15, 995 3; 001·

coaequatis G468 10 10100 389 4
0000110 11. 4389 00110010010001001 41 19
000010 fl. 77 10 0011000 111 11
coartatas 31 18 001111010 197 17
00000100514 6; Combusta Colonia 0518 9; 0010010
concinium G483 33 0001- 00101000 191 14
0000 979 6 0010010 97 9
000100 0457 133 Contine Colonia Agripina 997 14
956 16 0010010 Βο10100 341 15;
00010000 979 6; 0000101010 Colonia Burginum G 514
0483 6 13; Βο1001000 3037
0001010111 191 18 0010010 Isauria 109 14
00000000 434 14 001001010111413 9, 04995
0001100 01. Scodris Colonia 0101111100 944 8,
, 00000100. 407 4 340 9; Coloniam 10011·
000010οι0 413 113 00001οι0 1110010 0513 16
0499 8 00100100 496 9
0000101001. 00001000] Colophon 107 10, 361 17;
0000000110 01. 0000000110 0010000000 0598 3
(00100.) Coloricum 319 10
000100 philosophorum 99 1 0010011ἰο 01. 01001110
00101100 0490 15 00100100οὅ0 7
Coganges 432 4 colpum 109 7 3 ex 00100
0030100001οο fl. 438 17 907 10; 01. 001100
00100 0496 4; 00100 409 001000000010963 19, 331
16 1004719, 5089
Colanica 4357 Coma 197 10
0010000 50 6; 0010000010 0010000010 95 8
65 14 0001000010 (Syria) 85 16
0010000001 cf. Uolcano Comana 94 16
0010010 0110000 174 6.7 00100100 134 9, 355 101 -
00100100 regionis 174 11, 0010010ιο 0593 19
0559 11 0011101001 es. 00100100
001010 ins. 490 9 0001010100 300 4

 

