586 1111111.

cunci 64 3 101111111111 300 3
(11111111 337 3, (15127 10111111111114917
cecilia G486 1, 666 11;“1111111111
11111111, 1411 11 Ι6111111111 1
(11111121 7 (111111111111267 3, 335 2,
(11(11111118814; Cedoniem (1474 3, 510 23
188 19 (1111111111 (1497 2
cedunt in mere 179 9 centurionibus 34 10
(1111111 205 18 (1111111111ιί1 ins. 401 17
(11111 281 14; Ceinm G Cepora (Potomi) 112 7
4852 (1111111868 3, (1582201
Ceinm 11. (11111 Gypoe 76 13
1111111 11, 111 11, G 11111 fl. 146 9
535 4 Ceremie 196 11
0111011118712 (1111185 3, 1971

Celenderis 10² 13, 359 93 (11111111 civ. 101 63 Cere-

1111111813 7 sunta (1111 11; eene
111111111111321 8 111111 111 1

(11111111ιηὶ11. 408 13 Cerasus ine. 392 18

Celeret 11. (111111 ‚ ⁵
Celeri 343 4; (1111111 (1 cerem (ΑΜ) ³2⁰3

616 113 (11111114 12 08911118· 41⁰ 9

1111111 1, 1111 11, ⁰0r0111⁸1806
Cecilie (1486 1, 50619 (11111111111118111111111111111

(111111130617 (1111111100 5, 365 41811-
(11111 136 9 111 (1380 18

Celovion 4346 Omni„ (Bruttii) 264 7,

(1111111110114118111111111; effi} ‘³4⁷¹ ²⁰2 ⁵⁰⁸ ²1

Celsilon ²6⁸ ⁷2 33⁶ ⁵ 610 111111114111 5G
Celtum 315 2 ’

011ωο 432 16 (11111111 11. (1111111111

01111365 18;(11111(15318 (1111111111 282 41 Cerfem
Cenchreae 376 23 (1111111111 (1485 6

(1538 83 (1111111399 10 Cerili (Foro) 272 11
(1111161 234 12, (14119 24 Cetium 64 9
Ceno opido 307 4 1011111435 18
(1111111611 183 16, 1846 (1111111111 486 12
(1111111111711111) 430 1 (1111111393 11
Cenon 135 14 (1111111111345 17, (1317 4;

Cenon 11111111 39 8 ,4111111111 136 2

 

