mg, 589

0111511555 51. 0111511555 ciminia 42 8
0111115555 05194 Clampetia 264 6, 6921,
Gipropolis 318 047119, 50819
0111555 ins. 390 4 Clandate 218 16
01555115 141 2; 01155155 0151165217 12

350 151 01555155 G clarificatur 204

52011 0155515 258 8, 3263, G
0115515 0510 81 Circeius 462 8, 5051

0473 9, claternam 272 10, 0477 18
0115555105151115) 174 6. 7 0155611565 112 9
0115515 122 5 Olautiburgnm 220 9
circulata 398 16 'Clavinio 425 17
circumvallatam 299 15 0155515 190 10
011551550555115151142716 0156 fi. 440 9
0111551115. 605 14 015515155222 3
01155115 616 14 0151111511. 289 16
01115 civ. 149 6, 1526 0155151115 ins. 391 12
01115155. 690 9 Clarum fl. 321 18
01551555 697 19 Clesus fl. 289 8
- 0151 municipium 646 11; 0151551511 prov. 521
0551 0517 16 01515515 59 6

01555116· 40⁸ 21 Cleturcium 51. 0151511155

ἓ18101111· 7⁷ 14 0151515511 281 51 0151111-
15151111111 cf. Cisternas cium (3434 13

015161099352 3, 0021 103 clevenna G453 7.
0151511511 140 10 251 17 ’
Cistonia 308 7 alienam 24
01511553 4 5151555455 5
701511511 361 16, 0528 23 Clipeis 142 3, 349 7;

05115115 107 9 Olyppeis 0519 14

ἓὶίἰὶτοξῖεΐξθη ’ cutura 5454 15

cithim fl. 113 5 ciopatassa cf. 01551555
0111511 999 151 Pythion 01551555665 83 Clopatnssa
376 7; Pithion 0568 16 0560 22; 0151555100 9
011115 218 4 01551115 0510 111 05155515
Civitas Nova 285 61 Novas 334 73 Plostris 266 7,
0488 8 0476 11
0151555 108 161 Cycon 0155151151. Clusium
363 ὃς Kyzicon 0529 4015515111 0489 11 ’01115155
01515115 95 14 J 286 3

0151511115

 

