61666. ool

816666666172 5, 86666666 Eudaemon 4116516 55 6
77 5, 6582 25, Er· Eudipsis 973
166666 368 8 86116116 6529 16
8666 74 3 Eufrovion 106 18
8161116116 120 16 Eumenia 110 2
Ermupolio (Aegypti) 120 13, Euphrates fl. 20 12. 18,
6666163355 16, 6523 24, 21 10, Euphraten 18 17,
alia 126 12 79 3
Emopos 123 17 Euporia 193 1
816612814, 13014 8611611166 6526 20, Eri-
8166661111. 60 15 midi 104 5, Enimidion
81666 130 17 360 3
Erotion prov. 61 2 86116166 196 10
8661616 281 4, 1661616 686165664918
48415 861666351416, 36 3. 3.
866116616186611661 10, 37 8, 114 4, 164
86166 432 19 , 15, 323 8. 7. 13, 824
861616 Soyibon prov. 60 17 8. 15, 3873, 38810,
8616 6493 5 398 5, 6550 3.17, Eu-
866611666611663810 ropoo 35 22, 17018,
Esse 166. 441 18 655014, 55115, 5551,

6611616111 imperialem 247 10, Europam 35 11, 115 7.
6166661161661 1014, 168 2, 295 9,

816 ino. 3916 38712, 415 4, 418 2,
8166516666 368 9, 8166- 445 5, 654715, 5483
5161661723, 8116516666 Europa (6161411666.) 197 2
6532 26 Europa (6168111116) 87 11
8166516166 61. 8166516666 Europe (Cadmi soror) 6464 6
81611 praesidium 412 5 Europos 47 3
8156116 225 1 8616116 fl. 401 9
81566616. 6497 10 8661166516166. 422 12
81566 61666161 9 Eutropius 173 13
Etide 377 3, 400 5, Ey· Evandria 8147
tide 6588 25 i. 6. Elido Evonio ino. 422 13
Etifidorum 235 11 8666116 378 1, 1666116 198
8116516666 cf. Eteobrocon 14 .
81166616 6480 13, 8616666 866666 61866666
276 12 8166116616. 878 4, 866666
Etruria 6504 7 192 17, 856666 6539 13
8666161698 13, 6116109 18 86666611. 207 3, 8161166
8116116166 898 14 193 7

 

