584 1111111.

01111858 Caspium portae 11 Caspias
011111 79 17 portas
0111111111 prov. 69 13 0111111111 231 12
01111111118714 01111111 40312; 0111111
0111111111 41 11 (1496 17
carseolis (1479 6; cassio· 0111111111 97 l
11127414 ’ 011111114023
01111111 179 2, 186 14 011111 (Forum) (1488 16
Carta 311 12 0111111111 (1481 12
01111ς1142 8; chartingine 01111111 (Aegypti) 856 6,
34813ςΚ11113105191ς (15248ς 11111111 839
Kartagine (1481 20 01111111(Α1ςγρ11)11111180 8
0111131 Spartaria 343 83 0111111111. 4053 1
Cartago Ρ1111111 305 1, 011118111111111.01111811-
(1515 14 lenis
Cartenna 156 l, 346 18 11111111111111111161 (1602 91
01111111 344 5; (11111111 111111111111111111111112481
(1516 4; (1111131130511 0111111111(Μ11111111.) 157 2
011111 100 10, 365 9, 0111111111 (Hyrcan.) 61 ll
(1530 23 0111111111(111(1111) 72 2
011111111412 14, (1500 22 castorius 45 21, 49 5,
eusanius. 1111 66 1, 11 6, 63 8,
casi (Foro) 115 14 6416, 6616, 79 6,
0111 municipium 0517 163 8211, 85183 01111-
111111111 1111111 7, 516, 66
(11111111 111 16, 111111- 10, 58 1⁰, 70 11,
num (3431 16 91 18, 118 5, 139 14,
caspe„ 713 15314, 162 5, 243 4,
Caspi 50 3 247 4, 30116, (1494 3;

011ρί111111. 74 2 -cosmographum 4⁰ 11,
caspiae patria 68 19 154 1⁶3 - Romanorum

011ρί11 portas 48 15, 417 2; ⁰⁰⁸m⁰gr⁸phum ⁷⁰ 7’ 9¹

0111111130 1⁰ 11ἶὲ,11111“11ἷ“111”1ζ

011ρί111 montibus 3231ος 171 12, 130 6, 186 4,
6666610666666661 2³ 196 16, 214 1, 111 14.
caspios 11111111 115 16, 13, 14613, 3017

(1548 4 0111111111(811111111) 94 15
0111111111(0111111) 62 16, 011111111189612

114 163 011ρί1 Oceano Castra 14111511 cf. 0111111111

1111, 1111 Ι Hannibal

 

