666 mana.

(1111111191, 302 41 (111-1 1111161324 31 (1111166

1161111668 19 , 911111166344 14, 414

Gallia Galliae Galliam ! 7² (1916101 (1041100
Gallia„ Balearico 302 16

6111111161 11, 1161192168 ²⁷⁶ 2³ 0111118

,111111 ²³⁶ ¹¹ 11333111 1, 11.

2111111116 1111111111,

316111116611111296 8; 478 ⁷ , ,
GalliaeBelgicae324 1θὶ Gallo gallinacio 11. Gallam

461111ιῖιὲ116111161 1, Gafflffiomm amorum

Galliac ins. 421 6 Gallum gallinacium 348 123
Galliaeh 11. 444 14 Gfflum ⁸⁸¹¹¹¹¹³⁰⁰i¹¹¹¹² Γ·
618 26; (11116 1111111616
Galliena Gallici Gallico 142 9
(1111161111 (1111111116 480 12
Gallicus 661611 33 14, (11111111 96 13
(1111166 66116 409 18 (111111611036, 96213,
(11111661011161116666 21 (1628 19
Gallico 10611116) (16603 Ganges civ. 46 4
Gallicum mare 242 13, Gangas fl. 46 10
246 6. 7, 243 11. 14, (1111111141 18
2498, 2641, 286 2, (11111111111111146111161111167.
2922, 29614, 3014, 14, 136 6. 3. 10. 17,
322 69, (1464 6, 13811, 166 6, 4163
47114, 488 7, 603 (111111111963
14, 666 121 Gallici (1111161610617
maria 270 12, 294 7‚lGarbriand0 102 16
33311, 41313, (1611111263 9, (14699
476 16, 483 13 Gal· Gardum 134 11; (11111111
1166 mare (1466 1131 36611 (lardum (16234
- mari 167 4, 2426111611 61 16
16, 246 9, 292 7, Gargaridion prov. 61 17
294 16, 622 16, 402 (11111111 11. 299 5
1, 61111, 1611, 6111611
666 2 Gartecia, Gariegia cf. (11116111
Gallicum (sinum) (1661 11 Gasibala 162 7
Gallicum Valerianum mara 1 (1111111611 276 7
(1666 16, Gallici ValGaucua fl. 78 3

 

