678 155511.

7551585187 18, 858 18, Victoriae 488 18
7515151811 (1588 11 Victrix 78 88

Veromo 485 18 victualibus 886 16

7515155858 1, (1458 88 71511186 18

75155155 181 8 Vicum (11155511.) 154 18

5515511115 17 81 Vicum (Phrygiae) 108 10

75555555 188 18 Vicum sororis (1481 9

Veroevu 484 18 71555 virginis 51. Vico vir-

Vortis 487 14 ginis

Vesceria 81 7 7155511511155151715151151115

Vestianum 808 10 vigintimilia 888 8, 88816ς

55511555 (11511555 (1584 19 Vigintimilium (1454 7;

Veturbo (1488 173 Betur- vigintimilii 848 6; 71-
bon 885 15 5151151115 (1458 8171555-

Veturi-is (1489 193 Beturnis timilium (1518 1; Avinti-
887 4 511155 (1476 113 Aviu-

vexillum (1477 181 Β5511- 51151115 870 10, 8886
lum 878 4 Vigoln 51. Β15515

515 Appia 876 16, (1481 1 71115 (15008; 1511541114

5155515115 884 6, (148714 Vilius 11. 118 18

5151151155 (1480 17 711155 (15515555 148 6

5151155551555 (1488 7 7155555155 816 8

515 Salaria 880 8 Vindinis 806 8

715567 18 7155515585 481 11

7155115511. 888 1 715655515488 14

7155551555 51. Au vicesimum Ἧ55551511. 45 11

71555115 858 16, (1458 15 7151555 (1514 10; 01551555

Vicesimum of. Ad vicesimum 8888, 841 18

7151115 51. Albo 11551115 715155 155. 441 1

Vico equorum 818 8 Vinovia 481 18

7155 Aureli 151 8 7151151115 8155115155 Linon·

Vico Aucti 151 16 515 (1504 10

Vico Bapeni 188 88 Virgilius (1458 8, 458 6,

“ Vico Cuppae 180 17 468 7; cf. Mantuanus

Vico Mendilegio 878 7; - 71155115 ins. 888 6
Mendileio (1488 14 7115155155 488 11

7155 virginis 878 5, 8881, 7151111511. 175 8
(1476 81 71555 virginis 7115 850 11; Ζ115141 8
(1518 88 Vites 88 17

715551155155 51. 1155511555 7111 (1466 15

715115515 851 8, (1457 88 Ι 7111155 51. 8111155

 

