576 155115.

351115 (Lucaniae) (1509 9, 3511155115 53 5
3511155 904 19, 839 9, 3111511155 58 16
(1479 1 35155 191 3
35111551555 (1458 51 Belli· Beroea 194 16, 874 9;
11555 951 15 Beroea (1536 11
Bellum 67 17 351551567515115) 953 1
3515115 51. 351555 3511155 149 9
351555 305 15, 844 9; 3515511115 187 16
351555 (1516 8 Bersellum 918 1
351551155 990 8 Bersovia 904 3
351515555310 18 35511315 Daselenga 48 9
Benacus 15555 953 10 3555115 306 9
35551155 975 14ς Venafrum 11515 79 11
(1479 94 351515 188 16
Benedicti (1481 13 351515115 51. 35151115
3511515 999 93 35151115 341 4; 3111515115
35551551555551111511598061 944 14; 11151115 (1514 4
..urbis (1483 90 1351115183 18
3555155155515513819, 948 35155555 73 6
15, 5151 15 1555555111
Beneventum (1480 10, 519 Bethsaida 89 91
99; 3555155155 970 9, 351155 prov. 8099
(1503 18 35155115 (1478 19; Petone
Benna 939 8 Ι 979 19
3555515 983 93 1511515111ξ1151515511585 151 75151115
(1486 10 ¹ (148817

Bepsipon 3061 135151515 987 4; Veturris
351515 917 14 t (148919

Bereda 431 7 Beturri 319 3
3515555165 59 73 Berenice Bourtina 228 1

35151551 451. Beretum Bexum ²⁶9 9¹ 33⁷ ⁶2 G

Beretum 969 4ς 35151550 4⁷⁵ 18³ Rexumfflffl 1⁰

155 5, 15115 Veretum Biana 5155115555)
38 19, 399 10 Bias 51. 35155 [Italiae]

Berevjs 215 6 31115515 fl. 391 17

Bergidon 515 15 Bibisse (Fanensis) 6485 13
Berginio 218 14 31015555 987 10

Bergule 1848 Bibium (1500 113 Vivio
551555 15 1 11111
Bermissa 97 13 :bibliothecarius (1466 6

 

