1891111· 593

101101111101552, 1114 011101 0526 61 010111
173 cosmographis 13 15, 9216, 3598
14 6 0111111 01. 010101

0011111 01. Ad portum 0010 Cruppi 220 17

(1011111109 cf· 0⁰⁵it⁰¹¹ ctesifontis 66 21 Ctesiphon-

00110111005110 os 11 11; ctesiphontem
00111111 111. 407 2 57 1

001118101111270 9, 888 cb, f C
o; Costa 11111111 0512 ⁰¹⁸⁸0‘ umas
263 01111 Bffleni„ G 000111110110549
476 10 Cubita 205 17

0011111256 163 0005„ G Cocconis 215 11
457 13 0110111111. 78 2

eonon 101 100011 1o; 11111 arnualis 312 7; euius
00111111 76 5 1111111816 111 ouius pro·

0011111111 42 7 ximo 314 5

Cougion 313 6 0111111, Cuilum Cs- Chullu
002121242 6 0110011347 81 0010011 G
Cramboio 211 6 518 2

orambim„ 191 17 0111118113 9, Goon 203 .
crater 279 4, (3433 4 Cume 0472 201 0110111

Oratianis 11, 0411 11 2⁶⁵ ⁹
01101111206 7 0111111 01. Cumas
011511011485 12 0111111011 216 16
Cremona 252 15, 0458 21 00110 0458141 Comum
01111111. (1465 151 01111, 252 8

0111111896 13 Cumodina 190 4
0111010111 106 1 0111110101. Gunogus
Creusa 377 121 011111 198 0111111011 426 16

11 0111111 11. 439 3
0111111111 0459 83 Sirmio 0111101111 ins. 406 18

253 8 0111101111. 440 18
01110 282 13 Cupersonum 0467 3
0111111 338 6, (1509 17 Cophis fl. 168 17 ’
011111110486 18 0011111710) 190 17
010011 ins. 410 10 0111111326 17, (1505 15
0100111. 298 18 00111010 241 5
0101011260 1, (1470 19, 0111011814 10

507 201 Crotone G47oo 0111011111. Corioos
Cromingo 483 6 0111110111 ins. 409 3

011011111144 18 <cursum dot 16 11
88

 

