1111111. 635

011101 prov. 51 14 0111101111 os. 011110111
011101 121 1 Ostracine 89 8, 0524 93
Orobs fl. 246 4 0111101111356 7
0101111111 01. Corriphsnis 010101 prov. 69 20
010111110519 20 ’ 0110014118, 05002
01011111 71 4 011011 96 14
010111111271 1, 0476 16 01101351 31 0101110520
Orosius (Paulus) 50 161 Ηο- 16

1011111420 11 01111101, Oxos
01111110101.001111)111111 01111125110; 011111 0
0111 (Indiae) 49 10 457 23
0111 (Ι111110) 0478 151 0111111001 122 16

Ortus 274 2 Oxus fl. 62 10
0111101110. 413 3
0111101. Orto 1Ι111110)
Orthosia 99 17; Ortosisds Pabsndo 99 11

35711, 0525 51 Or· Ρ1111111122

1010188 4 Ρ1001309 7
01101125915, 327 8, 0 Ρ100111113007 .

463 7, 505 23 Ρ1001111 154 21 Ρ101111
0110111111, 0110101 01. 01- 347 41 Ρ1111 0517 23

thosis Pache 198 10
. 0101111110 48 4 Ρ1011111111 0498 171 Ρ1-

Osipon 316 16 011110 0498 18
011110111101101 135 5 Ρ101111 01. Ρ1001111 .
011101 73 4.6 Pacosanda 94 16
01111658 Ρ101112515, 045718
0111011 224 3, 381 101 Padss 85 22

01110111 0543 7 Psdsstads 112 1
0111011101. 0111011 Pado 01. Ρ1011
0111101 308 17, 318 2 Paduando 97 16
011111 0457 231 Oxilla Padus fl. 288 81 Pado 0,

251 10 290 31 Padum fl. 280 9,
Ossonoba 306 12 289 11
0111111111. 390 3 Paflsgonise 0533 8
01111 Tiberina 0473 17; Ρ11ο1 303 15

Ostia Tiberiana 266 121 Pagos 79 22

Ostia Fiberina 0510 161 Pogiro 130 4

Ηο1111 Tiberiano 994 12 Pugnarea ins. 406 8
0110001 111. 406 14 Pago 192 4
0110101101 71 6 Pago 0011101111 152 12

 

